world: Kings_Landing
x: 7045.079931952157
y: 67.0
z: 14103.035432161993
yaw: -90.00438
pitch: -4.6037703
name: Bauamt
lastowner: 4abe0761-bb36-4f8b-9f70-420fb8cd157c
