world: Kings_Landing
x: 5773.093338894592
y: 72.0
z: 14801.220662503723
yaw: -202.71619
pitch: 1.1509717
name: BukkitHQ
lastowner: 4abe0761-bb36-4f8b-9f70-420fb8cd157c
