world: chunkworld
x: 5.556426627387548
y: 64.0
z: 0.6359752910670489
yaw: -123.27793
pitch: 0.3129537
name: CitybuilderWorld
lastowner: 4abe0761-bb36-4f8b-9f70-420fb8cd157c
