world: Kings_Landing
x: 5901.6843342033435
y: 64.0
z: 14862.608151607434
yaw: 45.370617
pitch: -0.97776574
name: Dust_II
lastowner: 4abe0761-bb36-4f8b-9f70-420fb8cd157c
