world: Kings_Landing
x: 22069.584817416457
y: 111.0
z: 29412.42857461086
yaw: 89.83753
pitch: 90.0
name: FuturTown
lastowner: 70d0b7aa-7837-4595-afc9-48fa9f391439
