world: Gast_Survival
x: -19.852940252419796
y: 71.0
z: 204.5261411854255
yaw: -5.2570014
pitch: 90.0
name: Gast-Survival
lastowner: 70d0b7aa-7837-4595-afc9-48fa9f391439
