world: glarus_winter
x: 1614.5
y: 115.0
z: 679.5
yaw: -309.86523
pitch: 0.6180676
name: Glarus_Winter
lastowner: 4abe0761-bb36-4f8b-9f70-420fb8cd157c
