world: Kings_Landing
x: 6922.42852710409
y: 49.0
z: 13993.919882683022
yaw: 24.975143
pitch: 2.4170563
name: Headarchiv
lastowner: 4abe0761-bb36-4f8b-9f70-420fb8cd157c
