world: Kings_Landing
x: 6774.570701446123
y: 73.0625
z: 13877.109152133075
yaw: -268.4652
pitch: 13.064592
name: HouseOfParliament
lastowner: 70d0b7aa-7837-4595-afc9-48fa9f391439
