world: Kings_Landing
x: 7215.79559787832
y: 64.0
z: 15027.159109753698
yaw: -202.62482
pitch: -1.8598263
name: KingsLanding
lastowner: 4abe0761-bb36-4f8b-9f70-420fb8cd157c
