world: Kings_Landing
x: 5606.5376871459575
y: 80.0
z: 13362.50976904595
yaw: -152.57483
pitch: 90.0
name: KL-Airbase
lastowner: 70d0b7aa-7837-4595-afc9-48fa9f391439
