world: Kings_Landing
x: 5455.608109574868
y: 75.0
z: 15065.302485606942
yaw: -134.62646
pitch: -0.095490135
name: LCBeachStreet
lastowner: 4abe0761-bb36-4f8b-9f70-420fb8cd157c
