world: Kings_Landing
x: 5731.072523438169
y: 72.0
z: 14812.254359764776
yaw: -317.26685
pitch: -0.8735709
name: LibertyCity
lastowner: 4abe0761-bb36-4f8b-9f70-420fb8cd157c
