world: Kings_Landing
x: 6231.07052370727
y: 72.0
z: 14328.455301281923
yaw: -90.71228
pitch: 2.1868205
name: Lumbridge
lastowner: 4abe0761-bb36-4f8b-9f70-420fb8cd157c
