world: Survival
x: 15569.245248595136
y: 112.0
z: 10102.617339255323
yaw: -225.88763
pitch: -0.46486956
name: Markthalle
lastowner: 4abe0761-bb36-4f8b-9f70-420fb8cd157c
