world: Kings_Landing
x: 5608.387403272484
y: 77.0
z: 13369.419001743114
yaw: -269.52145
pitch: 90.0
name: Militärflugplatz
lastowner: 70d0b7aa-7837-4595-afc9-48fa9f391439
