world: Survival
x: 543.6377187966477
y: 77.0
z: 1091.643582110567
yaw: 23.116425
pitch: 90.0
name: Niceplace2
lastowner: 70d0b7aa-7837-4595-afc9-48fa9f391439
