world: Survival
x: 289.58170146218026
y: 64.0
z: -1859.5009395223335
yaw: -133.86783
pitch: 90.0
name: Niceplace
lastowner: 70d0b7aa-7837-4595-afc9-48fa9f391439
