world: Kings_Landing
x: 6943.808805805167
y: 68.0
z: 13888.719260240034
yaw: -338.7248
pitch: -0.920722
name: PortRoyal
lastowner: 4abe0761-bb36-4f8b-9f70-420fb8cd157c
