world: Kings_Landing
x: 6837.624786064198
y: 79.0
z: 13330.348848846956
yaw: -0.74386597
pitch: 90.0
name: Sovengarde
lastowner: 70d0b7aa-7837-4595-afc9-48fa9f391439
