world: Kings_Landing
x: 6926.585423690506
y: 71.0
z: 13846.89113777648
yaw: 269.91382
pitch: 2.7437713
name: Spieler-Archiv
lastowner: 70d0b7aa-7837-4595-afc9-48fa9f391439
