world: Survival
x: -63.88721864014835
y: 65.0
z: -144.06731733604695
yaw: -288.66626
pitch: 5.0684185
name: Survivalwelt
lastowner: 4abe0761-bb36-4f8b-9f70-420fb8cd157c
