world: Kings_Landing
x: 6506.677314376902
y: 64.0
z: 14965.604079773691
yaw: -225.77124
pitch: 4.165392
name: temp_klinternational
lastowner: 4abe0761-bb36-4f8b-9f70-420fb8cd157c
