world: Testzone
x: -234.63426158239272
y: 4.0
z: 15.663119531447009
yaw: -34.950012
pitch: 90.0
name: Testzone
lastowner: 70d0b7aa-7837-4595-afc9-48fa9f391439
