spawns: 
  default: 
    world: Kings_Landing_demolition
    x: 6751.686468550181
    y: 72.0625
    z: 13876.420619348268
    yaw: -82.4469
    pitch: 25.376991
